1	    100s01	300
1   	180r22	200
7	    321p22	250
7	    233o31	400
7	    114m33	500
8   	100a11	300
8   	180b12	200
8	    365c18	155
10	  222d23	22
10	  321e22	240
10	  233f31	400
15	  114g33	500
15	  100h01	300
15	  180i22	200
35	  365j18	155
35	  222k23	360
35	  321t22	340
35	  233m31	400
40	  114n33	500
40	  100t01	300
45	  180u22	200
50	  365v18	155
70	  222y23	460
73	  321z22	440
75	  233a31	400
80	  114b33	500
80	  100c01	300
80	  180d22	200
82	  365e18	155
88	  222f23	560
90	  321g22	540
100	  233i31	400
100	  114j33	500